69241 0
65225 0
68011 0
68208 0
68012 0
70266 0
07085 0
07086 0
07087 0
07069 0
07088 0
07089 0
07090 0
07091 0
07068 0
07097 0
07070 0
07071 0
07073 0
67424 0
07074 0
07075 0
07076 0
07077 0
07078 0
07079 0
07080 0
07081 0
07082 0
07084 0
65539 1
68660 1
68041 1
17725 1
17726 1
17727 1
17728 1
17710 1
17729 1
17731 1
17732 1
17733 1
65540 1
17711 1
17712 1
17714 1
17715 1
17717 1
17709 1
67594 1
17719 1
17720 1
17721 1
17722 1
17723 1
68028 2
69054 2
12328 2
12329 2
12330 2
12331 2
12311 2
12337 2
12338 2
12313 2
12314 2
12316 2
12317 2
12318 2
12319 2
12321 2
12322 2
12323 2
12324 2
12327 2
05724 3
70348 3
68007 3
05744 3
05728 3
05747 3
05748 3
05749 3
05729 3
05730 3
65167 3
05731 3
05732 3
05733 3
05734 3
05740 3
05742 3
05743 3
70230 4
68580 4
70263 4
68019 4
09865 4
09866 4
09848 4
09869 4
09849 4
09850 4
65328 4
09853 4
09856 4
09857 4
09858 4
09859 4
09860 4
09861 4
09863 4
68292 5
24955 5
24956 5
24941 5
24961 5
24962 5
24965 5
24969 5
24970 5
24971 5
24972 5
65824 5
24973 5
24943 5
24947 5
24940 5
24950 5
24951 5
24954 5
68870 6
68024 6
11327 6
11328 6
11310 6
11329 6
11330 6
11312 6
11313 6
11309 6
11316 6
11317 6
11320 6
11321 6
11322 6
11323 6
11324 6
11326 6
69534 7
68890 7
68183 7
63239 7
63240 7
63241 7
63242 7
63227 7
63228 7
63231 7
66778 7
63232 7
66779 7
66780 7
63225 7
67066 7
63236 7
63238 7
08909 8
68018 8
70326 8
68790 8
08928 8
08916 8
08917 8
08919 8
08920 8
08921 8
08923 8
65298 8
08924 8
65299 8
67470 8
08926 8
08927 8
70332 9
68592 9
13647 9
13648 9
13631 9
13632 9
13636 9
13637 9
13638 9
13630 9
13640 9
13642 9
13643 9
13644 9
13645 9
13646 9
70015 10
68586 10
68033 10
14899 10
14900 10
14882 10
14884 10
14885 10
14886 10
65445 10
14889 10
14893 10
14894 10
14895 10
14896 10
14898 10
68048 11
21885 11
21888 11
21870 11
21889 11
21891 11
21871 11
21869 11
21875 11
21876 11
21878 11
67660 11
67659 11
21883 11
21884 11
27221 12
27206 12
27207 12
27208 12
27210 12
27211 12
27212 12
65890 12
27214 12
65889 12
67757 12
27215 12
27216 12
27217 12
27218 12
38539 13
38540 13
38541 13
38542 13
38544 13
38527 13
38529 13
38530 13
38532 13
66183 13
38524 13
67934 13
38534 13
38536 13
38538 13
57919 14
57949 14
57950 14
57952 14
57934 14
57953 14
57935 14
57936 14
57937 14
66606 14
57939 14
57940 14
57942 14
67299 14
57947 14
62173 15
62174 15
62175 15
62159 15
62163 15
62164 15
62165 15
66743 15
66742 15
67036 15
62168 15
62169 15
62170 15
62171 15
62172 15
70306 16
68992 16
64223 16
64224 16
64212 16
66818 16
64213 16
66816 16
64215 16
67012 16
64217 16
64219 16
64218 16
64221 16
64222 16
64290 17
64284 17
64291 17
64292 17
64294 17
64295 17
64296 17
66820 17
64280 17
64299 17
64300 17
64281 17
64288 17
64289 17
64283 17
69206 18
02002 18
02003 18
01987 18
01988 18
01989 18
01990 18
01991 18
01992 18
65043 18
01995 18
67356 18
01998 18
02000 18
70244 19
06472 19
06473 19
06474 19
06475 19
06477 19
06478 19
06480 19
65200 19
06471 19
67414 19
06482 19
06484 19
06485 19
06486 19
69281 20
65403 20
13213 20
13214 20
13216 20
13217 20
13199 20
13200 20
13201 20
13202 20
13205 20
13206 20
13208 20
13209 20
68050 21
68674 21
68688 21
21943 21
21945 21
21950 21
65721 21
21941 21
67663 21
21951 21
21953 21
21954 21
21955 21
21956 21
28125 22
28108 22
28109 22
28110 22
28111 22
28113 22
28114 22
28115 22
28116 22
28107 22
28118 22
28120 22
28122 22
28123 22
28124 22
33266 23
70299 23
33285 23
33267 23
33269 23
33273 23
33274 23
33277 23
33278 23
33279 23
33281 23
33282 23
33283 23
33284 23
34823 24
34824 24
34825 24
34826 24
34827 24
34829 24
34830 24
34831 24
67873 24
34832 24
34833 24
34835 24
34837 24
34838 24
34839 24
36946 25
36930 25
36931 25
36932 25
36933 25
36936 25
36937 25
36938 25
66147 25
66146 25
36929 25
36939 25
36941 25
36942 25
36944 25
70345 26
68694 26
68770 26
68114 26
38999 26
39001 26
39002 26
39003 26
38990 26
67937 26
39004 26
39006 26
38995 26
38996 26
38997 26
70249 27
68122 27
40115 27
40116 27
40117 27
40119 27
40120 27
40121 27
40122 27
40123 27
66246 27
40124 27
40128 27
40129 27
40130 27
56573 28
56574 28
56557 28
56576 28
56577 28
56579 28
56558 28
56556 28
56560 28
56563 28
56564 28
56566 28
56568 28
56569 28
56571 28
69092 29
57645 29
57647 29
57630 29
57631 29
57632 29
57633 29
57634 29
67292 29
57635 29
57636 29
57638 29
57641 29
57642 29
57643 29
68330 30
62968 30
62982 30
62970 30
62984 30
62971 30
66769 30
67057 30
62986 30
62973 30
62964 30
67058 30
62979 30
62966 30
63679 31
63665 31
63666 31
63667 31
63668 31
63670 31
63671 31
63672 31
63673 31
66798 31
66799 31
67078 31
63676 31
63677 31
63678 31
05644 32
05629 32
05630 32
05631 32
05632 32
05633 32
05634 32
05635 32
05636 32
65162 32
05637 32
65161 32
05638 32
05641 32
05642 32
68274 33
68010 33
06835 33
06836 33
06837 33
06838 33
06839 33
06840 33
06841 33
65216 33
06832 33
06842 33
06844 33
06833 33
06834 33
07389 34
07390 34
07391 34
07392 34
07393 34
07394 34
07395 34
07396 34
07397 34
65242 34
65241 34
67431 34
07399 34
07401 34
07402 34
08950 35
08951 35
08952 35
08953 35
08955 35
08935 35
08936 35
08937 35
08938 35
08939 35
08942 35
08944 35
08946 35
08948 35
08949 35
17076 36
69298 36
68632 36
17084 36
17085 36
17086 36
17087 36
17088 36
17090 36
17091 36
17092 36
65507 36
17093 36
17095 36
69016 37
20980 37
20981 37
20982 37
20983 37
20984 37
20985 37
20986 37
20987 37
65677 37
20978 37
20988 37
20990 37
20992 37
20979 37
69325 38
22129 38
22130 38
22115 38
22116 38
22118 38
22119 38
22120 38
22121 38
65731 38
22124 38
22125 38
22127 38
68528 39
25337 39
25338 39
25339 39
25322 39
25323 39
25324 39
25325 39
25326 39
25327 39
25328 39
25329 39
25321 39
25332 39
25333 39
68396 40
68068 40
26713 40
26736 40
26712 40
26739 40
26741 40
26714 40
26715 40
26716 40
26717 40
26719 40
26722 40
26724 40
26726 40
68350 41
68070 41
26972 41
26973 41
26974 41
26975 41
26976 41
26977 41
26978 41
26971 41
26980 41
26981 41
26983 41
26985 41
26986 41
31765 42
31766 42
31767 42
31752 42
31753 42
31754 42
31755 42
31756 42
65996 42
67817 42
31762 42
31763 42
31764 42
32146 43
68084 43
68085 43
32158 43
32160 43
32161 43
32162 43
32163 43
66008 43
66007 43
32164 43
32165 43
32155 43
32319 44
32335 44
32336 44
32337 44
32338 44
32321 44
32322 44
32324 44
32326 44
32327 44
32328 44
66014 44
32333 44
32334 44
68794 45
34746 45
34733 45
34734 45
34736 45
34737 45
34738 45
34739 45
34741 45
66098 45
66099 45
34732 45
34742 45
34744 45
34745 45
51054 46
68928 46
51057 46
51056 46
51058 46
51059 46
51060 46
51061 46
51063 46
51064 46
67188 46
51069 46
51070 46
51072 46
68162 47
68624 47
55364 47
55365 47
55366 47
55367 47
55368 47
55369 47
55370 47
66575 47
55361 47
55372 47
55374 47
55362 47
55363 47
56851 48
56852 48
56838 48
56839 48
56841 48
56842 48
56844 48
56846 48
66592 48
56837 48
67279 48
56848 48
56849 48
68622 49
68182 49
70245 49
63204 49
63205 49
63206 49
63207 49
63208 49
63209 49
63200 49
63210 49
63212 49
63214 49
63202 49
63203 49
70296 50
70132 50
64087 50
64088 50
64089 50
64090 50
64091 50
64092 50
64093 50
64084 50
67009 50
64094 50
64096 50
64085 50
64086 50
00618 51
00639 51
00624 51
00628 51
00629 51
00630 51
00631 51
00632 51
65009 51
00623 51
00633 51
00636 51
00638 51
68003 52
68576 52
70309 52
03005 52
03006 52
03007 52
03008 52
65085 52
65084 52
67367 52
03000 52
03001 52
03002 52
03003 52
70107 53
06333 53
06334 53
06336 53
06337 53
06338 53
06339 53
65187 53
67411 53
06341 53
06342 53
06343 53
06331 53
06332 53
09966 54
09967 54
09968 54
09969 54
09970 54
09953 54
09954 54
65332 54
09956 54
09949 54
09960 54
09961 54
09962 54
09963 54
68202 55
68027 55
11771 55
11773 55
11774 55
11775 55
11776 55
11767 55
11777 55
11779 55
11780 55
11768 55
11769 55
11770 55
69282 56
13337 56
13326 56
13327 56
13328 56
13329 56
13330 56
13331 56
65408 56
65409 56
13323 56
67531 56
13333 56
69283 57
13697 57
13699 57
13700 57
13701 57
13702 57
13704 57
13695 57
67536 57
13705 57
13706 57
13707 57
13709 57
70152 58
68988 58
69048 58
14627 58
14628 58
14629 58
14630 58
65434 58
14631 58
14633 58
14622 58
14623 58
14624 58
14625 58
69290 59
14674 59
14675 59
14676 59
14677 59
14678 59
14679 59
14680 59
65439 59
65440 59
14671 59
14681 59
14684 59
17007 60
68842 60
70049 60
17015 60
17017 60
17018 60
17019 60
65503 60
65504 60
17013 60
17025 60
17026 60
17014 60
68520 61
68044 61
69086 61
18328 61
18329 61
18331 61
18332 61
65601 61
67610 61
18333 61
18334 61
18335 61
18324 61
18325 61
68046 62
70051 62
19261 62
19263 62
19264 62
19265 62
19266 62
65635 62
67624 62
19268 62
19269 62
19258 62
19259 62
19260 62
68692 63
68054 63
70376 63
22955 63
22956 63
22959 63
22960 63
22961 63
22963 63
22965 63
22966 63
22967 63
22952 63
22953 63
69343 64
24655 64
24656 64
24657 64
24659 64
24660 64
24638 64
24640 64
24643 64
24645 64
24648 64
24651 64
24652 64
66010 65
68086 65
69068 65
32248 65
32249 65
32250 65
32251 65
32252 65
32254 65
32257 65
32259 65
32260 65
32261 65
68974 66
35511 66
35512 66
35514 66
35515 66
35516 66
35517 66
35518 66
35509 66
35519 66
35520 66
35521 66
35522 66
35523 66
42827 67
69430 67
70246 67
42831 67
42832 67
42835 67
42836 67
42838 67
66296 67
42829 67
67990 67
42843 67
42830 67
42974 68
42958 68
42959 68
42961 68
66297 68
42963 68
42964 68
42956 68
42966 68
42967 68
42969 68
42971 68
42972 68
68288 69
68133 69
43170 69
43172 69
43173 69
43174 69
43175 69
67081 69
43177 69
43179 69
43180 69
43167 69
43168 69
43169 69
68218 70
68510 70
70207 70
49601 70
49602 70
49603 70
49604 70
49595 70
49605 70
49596 70
49597 70
49598 70
49599 70
49600 70
50037 71
50038 71
50039 71
50040 71
50042 71
50043 71
50044 71
50045 71
66441 71
50046 71
50047 71
50048 71
50049 71
51206 72
70355 72
51221 72
51223 72
51225 72
51226 72
51228 72
51229 72
66469 72
51231 72
51232 72
51235 72
51236 72
68294 73
70356 73
68171 73
58503 73
58504 73
58505 73
58506 73
66644 73
67309 73
58508 73
58498 73
58499 73
58500 73
58501 73
68178 74
68540 74
62246 74
62248 74
62249 74
62250 74
62251 74
62253 74
67038 74
62256 74
62257 74
62258 74
62259 74
62245 74
63804 75
63805 75
63806 75
63790 75
63791 75
63792 75
63793 75
63794 75
66804 75
67003 75
63799 75
63801 75
63802 75
63803 75
01383 76
01384 76
01385 76
01387 76
01388 76
01390 76
65029 76
67350 76
01392 76
01393 76
01395 76
01396 76
68612 77
05230 77
05231 77
05233 77
05234 77
05237 77
05238 77
65144 77
65145 77
05229 77
67392 77
05241 77
05243 77
65192 78
68338 78
70357 78
70359 78
06365 78
06367 78
06368 78
06359 78
67413 78
06371 78
06361 78
06363 78
70242 79
69028 79
07963 79
07966 79
07967 79
07969 79
65263 79
07960 79
67446 79
07971 79
07972 79
07961 79
07962 79
68368 80
68016 80
08427 80
08428 80
08431 80
08433 80
65278 80
08424 80
67451 80
08434 80
08435 80
08437 80
10146 81
10161 81
10162 81
10164 81
10147 81
10166 81
10148 81
10149 81
67489 81
10157 81
10158 81
10160 81
68374 82
10895 82
10896 82
10899 82
10900 82
65362 82
65363 82
10892 82
67501 82
10902 82
10903 82
10893 82
10894 82
68029 83
69004 83
13158 83
13160 83
13161 83
67527 83
13164 83
13165 83
13166 83
13167 83
13168 83
13156 83
13157 83
15034 84
15035 84
15036 84
15038 84
15039 84
65449 84
65450 84
67555 84
67556 84
15041 84
15042 84
15032 84
15033 84
23782 85
23771 85
23772 85
23773 85
23774 85
23766 85
23777 85
67697 85
23779 85
23780 85
23768 85
23769 85
70295 86
28205 86
28207 86
28208 86
28210 86
67776 86
28211 86
28212 86
28213 86
28214 86
28202 86
28204 86
68079 87
30847 87
30848 87
30831 87
30832 87
30834 87
30835 87
30837 87
30838 87
67802 87
30840 87
30842 87
30843 87
66038 88
32949 88
32951 88
32953 88
32954 88
32945 88
67840 88
32955 88
32957 88
32959 88
32946 88
32947 88
35454 89
35455 89
35456 89
35458 89
35460 89
35452 89
67890 89
35462 89
35463 89
35464 89
35465 89
35467 89
35453 89
68544 90
37885 90
37886 90
37888 90
37889 90
37881 90
67925 90
37891 90
37892 90
37893 90
37894 90
37883 90
37884 90
68125 91
40838 91
40839 91
40841 91
40842 91
40834 91
67958 91
40844 91
40845 91
40846 91
40847 91
40836 91
40837 91
70211 92
68127 92
41030 92
41032 92
41033 92
41025 92
67961 92
41035 92
41036 92
41037 92
41026 92
41028 92
41029 92
70378 93
45265 93
45266 93
45268 93
45269 93
66351 93
45261 93
67111 93
45271 93
45272 93
45273 93
45263 93
45264 93
68137 94
68726 94
70247 94
45439 94
45440 94
66355 94
67114 94
45442 94
45443 94
45433 94
45434 94
45436 94
45437 94
68142 95
48122 95
48105 95
48106 95
48107 95
67143 95
48109 95
48111 95
67142 95
48114 95
48117 95
48120 95
68856 96
49175 96
49178 96
49181 96
67159 96
67161 96
49183 96
49184 96
49185 96
49186 96
49188 96
49174 96
70335 97
53272 97
53273 97
53275 97
53276 97
66531 97
66532 97
53268 97
67227 97
53278 97
53279 97
53270 97
53271 97
57279 98
57280 98
57281 98
57283 98
57284 98
57276 98
67287 98
57286 98
57287 98
57288 98
57289 98
57291 98
57277 98
58362 99
58363 99
58364 99
58366 99
58367 99
66637 99
66638 99
66639 99
66640 99
67306 99
58369 99
58360 99
58361 99
61807 100
61808 100
61809 100
61811 100
61812 100
66731 100
61814 100
61815 100
61816 100
61817 100
61818 100
61805 100
61806 100
62098 101
62100 101
62101 101
62103 101
62104 101
62106 101
66740 101
62097 101
67034 101
62107 101
62109 101
62111 101
62112 101
70069 102
68722 102
62504 102
62506 102
62507 102
66752 102
62499 102
67044 102
62509 102
62510 102
62500 102
62502 102
62503 102
68766 103
63329 103
63330 103
63332 103
63333 103
66784 103
66785 103
67068 103
63335 103
63336 103
63337 103
63327 103
63328 103
68191 104
68964 104
70240 104
64267 104
64268 104
66819 104
67013 104
64270 104
64271 104
64261 104
64262 104
64264 104
64265 104
04618 105
04619 105
04621 105
04622 105
04624 105
04616 105
04626 105
04628 105
04629 105
04630 105
04631 105
68626 106
05103 106
05087 106
05090 106
05092 106
05093 106
67389 106
05095 106
05097 106
05098 106
05101 106
68594 107
07937 107
07940 107
07941 107
65262 107
07932 107
07942 107
07943 107
07933 107
07934 107
07935 107
07936 107
09528 108
09530 108
09533 108
09534 108
65312 108
65313 108
67477 108
09535 108
09536 108
09537 108
09538 108
09526 108
65343 109
10184 109
10185 109
10187 109
10189 109
10190 109
10183 109
67491 109
10193 109
10197 109
10199 109
68376 110
68021 110
10975 110
10976 110
65364 110
10967 110
10968 110
10969 110
10970 110
10971 110
10972 110
10973 110
14175 111
14176 111
14179 111
14180 111
14182 111
14183 111
14174 111
67545 111
14185 111
14186 111
14187 111
14188 111
68666 112
16195 112
16198 112
16199 112
65480 112
16200 112
16202 112
16203 112
16191 112
16192 112
16193 112
16194 112
68038 113
17327 113
17331 113
17332 113
17333 113
65520 113
67583 113
17334 113
17335 113
17336 113
17325 113
17326 113
70241 114
69066 114
25693 114
25694 114
65854 114
25685 114
25695 114
25686 114
25687 114
25688 114
25689 114
25690 114
68064 115
26173 115
26159 115
26162 115
26163 115
65870 115
26157 115
67737 115
26167 115
26169 115
26170 115
26172 115
68069 116
70221 116
26773 116
26775 116
26766 116
67746 116
26777 116
26778 116
26779 116
26767 116
26768 116
26770 116
26836 117
26837 117
26840 117
26841 117
65881 117
67747 117
26843 117
26844 117
26845 117
26846 117
26833 117
26834 117
29628 118
29648 118
29649 118
29651 118
29652 118
29653 118
29655 118
65940 118
29659 118
29661 118
29647 118
31843 119
31844 119
31849 119
31850 119
66000 119
67821 119
31852 119
31853 119
31854 119
31855 119
31856 119
31842 119
32373 120
32393 120
32395 120
32397 120
32381 120
66016 120
32382 120
32383 120
32377 120
32388 120
32392 120
70205 121
32608 121
32612 121
32613 121
66024 121
32604 121
32614 121
32615 121
32616 121
32605 121
32606 121
32607 121
68832 122
37126 122
37150 122
37125 122
37151 122
37152 122
37128 122
37129 122
37130 122
37134 122
67914 122
37135 122
45838 123
45839 123
45840 123
45842 123
45843 123
67119 123
45845 123
45847 123
45848 123
45850 123
45851 123
68138 124
70274 124
46273 124
46275 124
46266 124
67125 124
46267 124
46268 124
46269 124
46270 124
46271 124
46272 124
68664 125
70239 125
46739 125
46740 125
46731 125
67129 125
46742 125
46732 125
46733 125
46734 125
46735 125
46736 125
48509 126
48511 126
48513 126
48515 126
48516 126
66415 126
66416 126
67149 126
48517 126
48519 126
48520 126
48816 127
48798 127
48819 127
67153 127
48824 127
48827 127
48801 127
48804 127
48805 127
48809 127
48810 127
48814 127
51347 128
51348 128
51351 128
51352 128
51353 128
51345 128
51355 128
51356 128
51357 128
51358 128
51360 128
51346 128
68152 129
68776 129
51502 129
51503 129
51504 129
51505 129
51507 129
66475 129
51501 129
67201 129
51514 129
51515 129
70122 130
52862 130
52865 130
52866 130
66519 130
66518 130
67221 130
52867 130
52858 130
52859 130
52860 130
52861 130
56652 131
69500 131
68228 131
56698 131
56699 131
56700 131
56692 131
56703 131
56704 131
56694 131
56696 131
68168 132
70034 132
57084 132
57085 132
57076 132
67280 132
57087 132
57077 132
57078 132
57079 132
57080 132
57081 132
57043 133
57044 133
57047 133
57048 133
66593 133
57039 133
57049 133
57050 133
57051 133
57040 133
57041 133
57042 133
70304 134
62744 134
62748 134
62749 134
66759 134
62740 134
62750 134
62751 134
62752 134
62741 134
62742 134
62743 134
63283 135
63284 135
63287 135
63288 135
66781 135
67067 135
63290 135
63291 135
63292 135
63280 135
63281 135
63282 135
68572 136
68714 136
63595 136
63596 136
66795 136
63587 136
63588 136
63589 136
63590 136
63591 136
63592 136
63593 136
70261 137
64060 137
64064 137
64065 137
66815 137
64056 137
64066 137
64067 137
64068 137
64057 137
64058 137
64059 137
64303 138
64307 138
64309 138
64311 138
66821 138
66822 138
67014 138
64313 138
64314 138
64315 138
64305 138
64306 138
70219 139
01466 139
01467 139
01469 139
01460 139
01470 139
01471 139
01461 139
01463 139
01464 139
01465 139
04709 140
04712 140
04713 140
04716 140
65125 140
04708 140
67381 140
04718 140
04721 140
04722 140
04723 140
04850 141
04851 141
04852 141
04854 141
65131 141
04849 141
67385 141
04859 141
04861 141
04862 141
04864 141
05300 142
05301 142
05302 142
05304 142
65148 142
67394 142
05307 142
05308 142
05310 142
05297 142
05298 142
06554 143
06555 143
06557 143
06559 143
65205 143
67415 143
06560 143
06561 143
06563 143
06551 143
06552 143
68566 144
08488 144
08489 144
08491 144
08482 144
67453 144
08492 144
08483 144
08485 144
08486 144
08487 144
65290 145
65556 145
08713 145
08689 145
08690 145
08691 145
08692 145
08695 145
08697 145
08698 145
08702 145
70033 146
68025 146
69024 146
11566 146
11558 146
67510 146
11559 146
11560 146
11562 146
11563 146
11564 146
11622 147
11623 147
11624 147
11627 147
11630 147
11621 147
67513 147
11633 147
11635 147
11636 147
11637 147
70206 148
11714 148
11715 148
11717 148
11708 148
67512 148
11718 148
11709 148
11711 148
11712 148
11713 148
13269 149
13270 149
13271 149
13273 149
65405 149
67528 149
13276 149
13277 149
13279 149
13267 149
13268 149
14455 150
14456 150
14457 150
14459 150
67549 150
67548 150
14460 150
14461 150
14452 150
14453 150
14454 150
68858 151
14754 151
14755 151
14757 151
14758 151
14759 151
14760 151
14749 151
14751 151
14752 151
14753 151
20064 152
20068 152
20070 152
20071 152
20072 152
65652 152
65654 152
20074 152
20075 152
20076 152
20066 152
21073 153
21074 153
21075 153
21077 153
21069 153
67643 153
21079 153
21080 153
21071 153
21072 153
70083 154
22086 154
22087 154
22089 154
65730 154
65728 154
22085 154
67666 154
22095 154
22097 154
22098 154
70342 155
68952 155
23574 155
23576 155
67691 155
23577 155
23578 155
23568 155
23570 155
23572 155
23573 155
25037 156
69347 156
70259 156
25073 156
25075 156
25066 156
25076 156
25067 156
25068 156
25069 156
25071 156
70284 157
26528 157
26530 157
26532 157
26533 157
26524 157
26535 157
26536 157
26537 157
26526 157
26527 157
68514 158
70085 158
27772 158
27774 158
67765 158
27775 158
27766 158
27767 158
27769 158
27770 158
27771 158
31901 159
31902 159
31903 159
31905 159
67823 159
31906 159
31907 159
31908 159
31897 159
31898 159
31899 159
32304 160
32305 160
32306 160
32308 160
66013 160
32300 160
67828 160
32310 160
32312 160
32302 160
32303 160
32677 161
32657 161
32658 161
32659 161
32661 161
32663 161
67836 161
32664 161
32667 161
32669 161
33477 162
33478 162
33479 162
33481 162
33472 162
67852 162
33482 162
33484 162
33486 162
33473 162
33474 162
34002 163
34005 163
34007 163
34008 163
34009 163
34010 163
67861 163
34012 163
34015 163
34017 163
34018 163
68480 164
68106 164
37587 164
37589 164
67922 164
37590 164
37581 164
37582 164
37584 164
37585 164
37586 164
39629 165
39633 165
69040 165
39630 165
67944 165
39632 165
39634 165
39635 165
39626 165
39627 165
39628 165
68129 166
42227 166
42228 166
42232 166
66280 166
42225 166
67981 166
42236 166
42238 166
42239 166
42226 166
43526 167
43527 167
43528 167
43531 167
43522 167
43532 167
43533 167
43534 167
43523 167
43524 167
43525 167
44685 168
44686 168
44687 168
44689 168
44680 168
67107 168
67105 168
44690 168
44681 168
44682 168
44683 168
68864 169
70375 169
47178 169
47183 169
67134 169
47184 169
47185 169
47186 169
47175 169
47176 169
47177 169
50854 170
50855 170
50856 170
50858 170
50849 170
50859 170
50860 170
50861 170
50850 170
50851 170
50852 170
53295 171
53297 171
53300 171
53301 171
66534 171
53302 171
53303 171
53304 171
53305 171
53293 171
68914 172
54559 172
54560 172
54561 172
54563 172
54554 172
54564 172
54566 172
54567 172
54556 172
54557 172
55773 173
55774 173
55775 173
55777 173
55779 173
55780 173
55781 173
55782 173
55770 173
55771 173
55772 173
57531 174
57532 174
57533 174
57535 174
57527 174
67290 174
57537 174
57539 174
57541 174
57528 174
57529 174
68172 175
58594 175
58595 175
58597 175
58598 175
58599 175
58600 175
58589 175
58591 175
58592 175
58593 175
59207 176
59208 176
59209 176
59211 176
59213 176
59214 176
59215 176
59216 176
59219 176
59204 176
59205 176
68173 177
59500 177
59501 177
59503 177
66672 177
59495 177
67323 177
59505 177
59496 177
59497 177
59499 177
70265 178
63423 178
63424 178
63426 178
63417 178
67069 178
63427 178
63418 178
63420 178
63421 178
63422 178
64384 179
64385 179
64386 179
64388 179
67015 179
64389 179
64390 179
64391 179
64381 179
64382 179
64383 179
00416 180
00419 180
00422 180
00423 180
65002 180
65003 180
00414 180
00425 180
00426 180
00415 180
03117 181
03122 181
03123 181
03124 181
03127 181
03129 181
03131 181
03118 181
03119 181
03121 181
70124 182
03440 182
03442 182
03443 182
65096 182
67371 182
03444 182
03437 182
03438 182
03439 182
04800 183
04801 183
04803 183
04804 183
65129 183
04795 183
67384 183
04797 183
04798 183
04799 183
04900 184
04901 184
04903 184
04904 184
65135 184
65134 184
67387 184
04897 184
04898 184
04899 184
70254 185
05470 185
05472 185
05473 185
05474 185
05475 185
65156 185
05479 185
05467 185
05468 185
05598 186
05599 186
05601 186
05603 186
65158 186
65159 186
67399 186
05608 186
05609 186
05596 186
69245 187
69002 187
07460 187
07461 187
65245 187
07452 187
67433 187
07455 187
07457 187
07458 187
08371 188
08372 188
08374 188
08375 188
08376 188
65275 188
67450 188
08368 188
08369 188
08370 188
70200 189
09184 189
09186 189
09187 189
65307 189
65306 189
67475 189
09181 189
09182 189
09183 189
09723 190
09724 190
09726 190
09727 190
09728 190
65324 190
67481 190
09732 190
09721 190
09722 190
68020 191
69056 191
10105 191
10106 191
10107 191
10108 191
10109 191
67487 191
10112 191
10114 191
10464 192
10465 192
10467 192
10469 192
10470 192
65352 192
10461 192
10473 192
10474 192
10462 192
10711 193
10712 193
65357 193
10703 193
10713 193
10714 193
10715 193
10705 193
10706 193
10707 193
11198 194
11199 194
11201 194
11202 194
11203 194
11204 194
11205 194
11210 194
11212 194
11214 194
68654 195
11254 195
11256 195
11257 195
11259 195
11260 195
11261 195
11267 195
11268 195
11253 195
13133 196
13136 196
13137 196
13138 196
13141 196
13143 196
13144 196
13146 196
13147 196
13134 196
13546 197
13547 197
13549 197
13550 197
65414 197
67534 197
13552 197
13543 197
13544 197
13545 197
13799 198
70149 198
13804 198
13805 198
13806 198
13809 198
13810 198
13812 198
13800 198
13803 198
69291 199
14797 199
14800 199
14801 199
65444 199
14792 199
67553 199
14794 199
14795 199
14796 199
16587 200
16588 200
16591 200
16592 200
16593 200
65491 200
16594 200
16598 200
16585 200
16586 200
68746 201
68040 201
17660 201
17661 201
17654 201
67593 201
17664 201
17657 201
17658 201
17659 201
68476 202
70262 202
17761 202
17762 202
17763 202
17764 202
17765 202
17758 202
17770 202
17773 202
17825 203
17826 203
17827 203
17828 203
17829 203
17820 203
67595 203
17830 203
17821 203
17823 203
21248 204
21250 204
21233 204
21234 204
21236 204
21231 204
21237 204
21242 204
21243 204
21246 204
69319 205
21438 205
21440 205
21441 205
65696 205
21432 205
67653 205
21435 205
21436 205
21437 205
69331 206
70129 206
22803 206
22804 206
22805 206
22806 206
22809 206
67673 206
22814 206
22815 206
69060 207
23951 207
23953 207
23954 207
65798 207
65797 207
67700 207
23947 207
23948 207
23949 207
68242 208
68798 208
24032 208
24033 208
65800 208
24025 208
67702 208
24029 208
24030 208
24031 208
69342 209
68840 209
24613 209
24614 209
65817 209
24605 209
67709 209
24609 209
24610 209
24611 209
25244 210
25245 210
25247 210
25249 210
65840 210
67721 210
25250 210
25241 210
25242 210
25243 210
26938 211
26947 211
26948 211
26950 211
26951 211
26953 211
26954 211
26956 211
26943 211
26944 211
69365 212
68072 212
27268 212
27269 212
27271 212
27272 212
65892 212
27264 212
27265 212
27267 212
27917 213
27923 213
27925 213
27926 213
27929 213
27920 213
67769 213
27932 213
27934 213
27921 213
69369 214
70373 214
28167 214
28168 214
28159 214
67777 214
28169 214
28163 214
28164 214
28165 214
68772 215
28469 215
28471 215
28472 215
65913 215
28463 215
67781 215
28466 215
28467 215
28468 215
30154 216
30158 216
30160 216
30152 216
67794 216
30162 216
30163 216
30165 216
30166 216
30168 216
69006 217
31151 217
31153 217
31154 217
31155 217
31157 217
31158 217
31161 217
31163 217
31165 217
33224 218
33231 218
33205 218
33211 218
33212 218
33214 218
33217 218
33218 218
33220 218
33221 218
33543 219
33544 219
66078 219
66079 219
67853 219
67851 219
33538 219
33540 219
33541 219
33542 219
68226 220
70082 220
34582 220
34583 220
34584 220
34575 220
67871 220
34578 220
34579 220
34580 220
35292 221
35293 221
35295 221
35296 221
35297 221
67881 221
35298 221
35299 221
35301 221
35302 221
69401 222
70222 222
36832 222
36834 222
67906 222
36836 222
36837 222
36827 222
36828 222
36829 222
68268 223
68102 223
36920 223
36921 223
66145 223
36922 223
36913 223
36917 223
36918 223
36919 223
68105 224
69044 224
37371 224
37372 224
66156 224
37363 224
67917 224
37367 224
37368 224
37369 224
69407 225
38128 225
38130 225
38131 225
38122 225
67929 225
38132 225
38125 225
38126 225
38127 225
69412 226
68452 226
68111 226
38593 226
38594 226
66186 226
38586 226
38590 226
38591 226
38592 226
39454 227
39460 227
39461 227
39462 227
39463 227
39456 227
67943 227
39467 227
39468 227
39459 227
40171 228
40172 228
40174 228
40175 228
40177 228
40178 228
40169 228
67950 228
67951 228
40179 228
40991 229
40993 229
40985 229
67959 229
40995 229
40996 229
40986 229
40988 229
40989 229
40990 229
41306 230
41315 230
41317 230
41318 230
41320 230
66265 230
66266 230
41311 230
41324 230
41312 230
70151 231
41452 231
41454 231
41455 231
41446 231
67965 231
41456 231
41449 231
41450 231
41451 231
70210 232
70267 232
41829 232
41830 232
41831 232
41822 232
67971 232
41824 232
41825 232
41826 232
70177 233
43062 233
43064 233
43065 233
66298 233
43056 233
43066 233
43059 233
43060 233
43061 233
69434 234
70220 234
43225 234
43226 234
43217 234
67083 234
43218 234
43222 234
43223 234
43224 234
68706 235
68738 235
44088 235
44089 235
66320 235
44090 235
44091 235
44084 235
44085 235
44086 235
44372 236
44373 236
44375 236
44376 236
66326 236
44367 236
67097 236
44369 236
44370 236
44371 236
70170 237
68996 237
47663 237
47664 237
66398 237
67139 237
47665 237
47658 237
47659 237
47660 237
68898 238
48047 238
48050 238
48051 238
66405 238
48042 238
48052 238
48043 238
48044 238
48045 238
48898 239
48901 239
48902 239
48903 239
67154 239
48909 239
48910 239
48911 239
48912 239
48899 239
69451 240
49134 240
49137 240
49138 240
66422 240
49129 240
67157 240
49131 240
49132 240
49133 240
49249 241
49250 241
49252 241
49253 241
66423 241
66424 241
67162 241
49246 241
49247 241
49248 241
51621 242
68284 242
70209 242
68154 242
51616 242
51617 242
51628 242
51637 242
51615 242
51622 242
69472 243
70351 243
51779 243
51780 243
51781 243
66482 243
66483 243
51775 243
51776 243
51778 243
52552 244
52554 244
52556 244
52557 244
52558 244
52559 244
67214 244
52565 244
52566 244
52551 244
69484 245
68159 245
53215 245
53216 245
53207 245
67226 245
53208 245
53212 245
53213 245
53214 245
70188 246
53488 246
53490 246
53491 246
53482 246
67230 246
53492 246
53485 246
53486 246
53487 246
55332 247
55343 247
55344 247
55345 247
55337 247
55347 247
55338 247
55339 247
55340 247
55341 247
70204 248
68167 248
57066 248
57067 248
57058 248
67281 248
57068 248
57062 248
57063 248
57064 248
57785 249
57786 249
57788 249
57789 249
66603 249
66604 249
57791 249
57782 249
57783 249
57784 249
58789 250
58790 250
58792 250
58793 250
66654 250
58784 250
67314 250
58786 250
58787 250
58788 250
68496 251
59310 251
59314 251
59316 251
66665 251
59307 251
67319 251
59320 251
59308 251
59309 251
60345 252
70256 252
60351 252
60354 252
60355 252
60357 252
60346 252
60347 252
60349 252
60350 252
62278 253
62279 253
62281 253
62282 253
66746 253
62273 253
67039 253
62275 253
62276 253
62277 253
68181 254
68998 254
63088 254
63089 254
63090 254
66774 254
63081 254
63083 254
63084 254
63085 254
64432 255
64433 255
64435 255
64436 255
64427 255
64437 255
64438 255
64429 255
64430 255
64431 255
02227 256
70037 256
02234 256
02236 256
65061 256
02237 256
02238 256
02228 256
02232 256
02233 256
02581 257
69211 257
02590 257
02592 257
65073 257
02583 257
67363 257
02584 257
02588 257
02589 257
03266 258
03268 258
03270 258
03273 258
03274 258
65092 258
03276 258
03277 258
03282 258
03267 258
04484 259
69217 259
04512 259
04514 259
65119 259
04505 259
67377 259
04506 259
04510 259
04511 259
69218 260
65120 260
70164 260
04596 260
04597 260
04592 260
04602 260
04604 260
04595 260
04764 261
70031 261
04773 261
04775 261
65127 261
65128 261
04768 261
67383 261
04771 261
04772 261
05270 262
05281 262
05282 262
05284 262
65147 262
05275 262
67393 262
05285 262
05279 262
05280 262
05800 263
05805 263
05806 263
05809 263
05810 263
65169 263
05803 263
67404 263
05816 263
05804 263
07803 264
69250 264
68828 264
07815 264
65260 264
07806 264
07807 264
07808 264
07812 264
07813 264
69262 265
09459 265
09458 265
09457 265
09461 265
09462 265
09467 265
09463 265
09472 265
09473 265
09773 266
09781 266
09782 266
65325 266
67480 266
09784 266
09786 266
09775 266
09776 266
09914 267
09920 267
09921 267
09923 267
65330 267
09924 267
09925 267
09926 267
09918 267
09919 267
10260 268
70064 268
10273 268
10275 268
65345 268
10266 268
67492 268
10267 268
10271 268
10272 268
13467 269
13473 269
13474 269
13476 269
65411 269
67532 269
13477 269
13478 269
13471 269
13472 269
13850 270
70363 270
13861 270
13863 270
65421 270
65422 270
13854 270
67539 270
13858 270
13859 270
15317 271
15324 271
15325 271
15327 271
15328 271
15319 271
15330 271
15331 271
15322 271
15323 271
15363 272
15364 272
15365 272
15368 272
15369 272
65457 272
67559 272
15370 272
15361 272
15362 272
16437 273
70153 273
16441 273
16443 273
16444 273
67574 273
16447 273
16448 273
16439 273
16440 273
16961 274
70341 274
68426 274
16968 274
16971 274
16972 274
65500 274
16963 274
16976 274
16965 274
65531 275
68039 275
68782 275
17601 275
17602 275
17594 275
67588 275
17604 275
17596 275
17597 275
18270 276
18294 276
18295 276
18297 276
65597 276
18288 276
67607 276
18298 276
18292 276
18293 276
18301 277
70079 277
68043 277
18313 277
18315 277
65600 277
18306 277
67609 277
18311 277
18312 277
18485 278
70065 278
18489 278
18494 278
65607 278
67612 278
18495 278
18496 278
18487 278
18488 278
19411 279
19412 279
19414 279
65638 279
65639 279
19406 279
19418 279
19407 279
19408 279
21202 280
69318 280
21220 280
21205 280
21207 280
21209 280
21210 280
21212 280
21218 280
21219 280
21272 281
21275 281
21276 281
21277 281
21280 281
21284 281
21285 281
21273 281
21274 281
22537 282
22554 282
22555 282
22557 282
65746 282
22548 282
67672 282
22558 282
22552 282
22553 282
23579 283
70257 283
23586 283
23588 283
65783 283
67692 283
23589 283
23580 283
23584 283
23585 283
24718 284
68334 284
24724 284
24726 284
24728 284
24729 284
65822 284
24720 284
24721 284
24722 284
26256 285
26259 285
65873 285
65874 285
26260 285
26261 285
26251 285
26252 285
26254 285
26559 286
69358 286
68065 286
26573 286
26574 286
26576 286
67744 286
26577 286
26571 286
26572 286
27046 287
27048 287
27050 287
27042 287
67752 287
27053 287
27055 287
27056 287
27057 287
27043 287
28134 288
70303 288
28140 288
28142 288
28143 288
28144 288
28145 288
28146 288
28138 288
28139 288
28306 289
28311 289
28312 289
28314 289
28315 289
67778 289
28316 289
28317 289
28309 289
28310 289
28423 290
28424 290
70236 290
28425 290
28433 290
28426 290
28427 290
28435 290
28430 290
28432 290
29134 291
29142 291
29143 291
29145 291
65929 291
29136 291
29146 291
29147 291
29140 291
29141 291
30227 292
30235 292
30237 292
30239 292
30230 292
67793 292
30240 292
30241 292
30233 292
30234 292
69380 293
65983 293
68080 293
31323 293
31324 293
31315 293
67810 293
31316 293
31321 293
31322 293
31641 294
31654 294
31655 294
31657 294
31658 294
65992 294
31649 294
67815 294
31651 294
31652 294
66017 295
70158 295
32454 295
32456 295
32447 295
32457 295
32458 295
32448 295
32452 295
32453 295
66106 296
35117 296
35118 296
35119 296
35120 296
35125 296
35126 296
35115 296
35116 296
35353 297
70066 297
35367 297
35369 297
66109 297
35360 297
67882 297
35361 297
35365 297
35366 297
36044 298
68562 298
68100 298
36052 298
36053 298
67893 298
36054 298
36055 298
36048 298
36049 298
36645 299
70075 299
68628 299
36652 299
36653 299
36654 299
36657 299
66138 299
36659 299
36660 299
