69241 0
65225 0
68011 0
68208 0
68012 0
70266 0
07085 0
07086 0
07087 0
07069 0
07088 0
07089 0
07090 0
07091 0
07068 0
07097 0
07070 0
07071 0
07073 0
67424 0
07074 0
07075 0
07076 0
07077 0
07078 0
07079 0
07080 0
07081 0
07082 0
07084 0
65539 1
68660 1
68041 1
17725 1
17726 1
17727 1
17728 1
17710 1
17729 1
17731 1
17732 1
17733 1
65540 1
17711 1
17712 1
17714 1
17715 1
17717 1
17709 1
67594 1
17719 1
17720 1
17721 1
17722 1
17723 1
68028 2
69054 2
12328 2
12329 2
12330 2
12331 2
12311 2
12337 2
12338 2
12313 2
12314 2
12316 2
12317 2
12318 2
12319 2
12321 2
12322 2
12323 2
12324 2
12327 2
05724 3
70348 3
68007 3
05744 3
05728 3
05747 3
05748 3
05749 3
05729 3
05730 3
65167 3
05731 3
05732 3
05733 3
05734 3
05740 3
05742 3
05743 3
70230 4
68580 4
70263 4
68019 4
09865 4
09866 4
09848 4
09869 4
09849 4
09850 4
65328 4
09853 4
09856 4
09857 4
09858 4
09859 4
09860 4
09861 4
09863 4
68292 5
24955 5
24956 5
24941 5
24961 5
24962 5
24965 5
24969 5
24970 5
24971 5
24972 5
65824 5
24973 5
24943 5
24947 5
24940 5
24950 5
24951 5
24954 5
68870 6
68024 6
11327 6
11328 6
11310 6
11329 6
11330 6
11312 6
11313 6
11309 6
11316 6
11317 6
11320 6
11321 6
11322 6
11323 6
11324 6
11326 6
69534 7
68890 7
68183 7
63239 7
63240 7
63241 7
63242 7
63227 7
63228 7
63231 7
66778 7
63232 7
66779 7
66780 7
63225 7
67066 7
63236 7
63238 7
08909 8
68018 8
70326 8
68790 8
08928 8
08916 8
08917 8
08919 8
08920 8
08921 8
08923 8
65298 8
08924 8
65299 8
67470 8
08926 8
08927 8
70332 9
68592 9
13647 9
13648 9
13631 9
13632 9
13636 9
13637 9
13638 9
13630 9
13640 9
13642 9
13643 9
13644 9
13645 9
13646 9
70015 10
68586 10
68033 10
14899 10
14900 10
14882 10
14884 10
14885 10
14886 10
65445 10
14889 10
14893 10
14894 10
14895 10
14896 10
14898 10
68048 11
21885 11
21888 11
21870 11
21889 11
21891 11
21871 11
21869 11
21875 11
21876 11
21878 11
67660 11
67659 11
21883 11
21884 11
27221 12
27206 12
27207 12
27208 12
27210 12
27211 12
27212 12
65890 12
27214 12
65889 12
67757 12
27215 12
27216 12
27217 12
27218 12
38539 13
38540 13
38541 13
38542 13
38544 13
38527 13
38529 13
38530 13
38532 13
66183 13
38524 13
67934 13
38534 13
38536 13
38538 13
57919 14
57949 14
57950 14
57952 14
57934 14
57953 14
57935 14
57936 14
57937 14
66606 14
57939 14
57940 14
57942 14
67299 14
57947 14
62173 15
62174 15
62175 15
62159 15
62163 15
62164 15
62165 15
66743 15
66742 15
67036 15
62168 15
62169 15
62170 15
62171 15
62172 15
70306 16
68992 16
64223 16
64224 16
64212 16
66818 16
64213 16
66816 16
64215 16
67012 16
64217 16
64219 16
64218 16
64221 16
64222 16
64290 17
64284 17
64291 17
64292 17
64294 17
64295 17
64296 17
66820 17
64280 17
64299 17
64300 17
64281 17
64288 17
64289 17
64283 17
69206 18
02002 18
02003 18
01987 18
01988 18
01989 18
01990 18
01991 18
01992 18
65043 18
01995 18
67356 18
01998 18
02000 18
70244 19
06472 19
06473 19
06474 19
06475 19
06477 19
06478 19
06480 19
65200 19
06471 19
67414 19
06482 19
06484 19
06485 19
06486 19
69281 20
65403 20
13213 20
13214 20
13216 20
13217 20
13199 20
13200 20
13201 20
13202 20
13205 20
13206 20
13208 20
13209 20
68050 21
68674 21
68688 21
21943 21
21945 21
21950 21
65721 21
21941 21
67663 21
21951 21
21953 21
21954 21
21955 21
21956 21
28125 22
28108 22
28109 22
28110 22
28111 22
28113 22
28114 22
28115 22
28116 22
28107 22
28118 22
28120 22
28122 22
28123 22
28124 22
33266 23
70299 23
33285 23
33267 23
33269 23
33273 23
33274 23
33277 23
33278 23
33279 23
33281 23
33282 23
33283 23
33284 23
34823 24
34824 24
34825 24
34826 24
34827 24
34829 24
34830 24
34831 24
67873 24
34832 24
34833 24
34835 24
34837 24
34838 24
34839 24
36946 25
36930 25
36931 25
36932 25
36933 25
36936 25
36937 25
36938 25
66147 25
66146 25
36929 25
36939 25
36941 25
36942 25
36944 25
70345 26
68694 26
68770 26
68114 26
38999 26
39001 26
39002 26
39003 26
38990 26
67937 26
39004 26
39006 26
38995 26
38996 26
38997 26
70249 27
68122 27
40115 27
40116 27
40117 27
40119 27
40120 27
40121 27
40122 27
40123 27
66246 27
40124 27
40128 27
40129 27
40130 27
56573 28
56574 28
56557 28
56576 28
56577 28
56579 28
56558 28
56556 28
56560 28
56563 28
56564 28
56566 28
56568 28
56569 28
56571 28
69092 29
57645 29
57647 29
57630 29
57631 29
57632 29
57633 29
57634 29
67292 29
57635 29
57636 29
57638 29
57641 29
57642 29
57643 29
68330 30
62968 30
62982 30
62970 30
62984 30
62971 30
66769 30
67057 30
62986 30
62973 30
62964 30
67058 30
62979 30
62966 30
63679 31
63665 31
63666 31
63667 31
63668 31
63670 31
63671 31
63672 31
63673 31
66798 31
66799 31
67078 31
63676 31
63677 31
63678 31
05644 32
05629 32
05630 32
05631 32
05632 32
05633 32
05634 32
05635 32
05636 32
65162 32
05637 32
65161 32
05638 32
05641 32
05642 32
68274 33
68010 33
06835 33
06836 33
06837 33
06838 33
06839 33
06840 33
06841 33
65216 33
06832 33
06842 33
06844 33
06833 33
06834 33
07389 34
07390 34
07391 34
07392 34
07393 34
07394 34
07395 34
07396 34
07397 34
65242 34
65241 34
67431 34
07399 34
07401 34
07402 34
08950 35
08951 35
08952 35
08953 35
08955 35
08935 35
08936 35
08937 35
08938 35
08939 35
08942 35
08944 35
08946 35
08948 35
08949 35
17076 36
69298 36
68632 36
17084 36
17085 36
17086 36
17087 36
17088 36
17090 36
17091 36
17092 36
65507 36
17093 36
17095 36
69016 37
20980 37
20981 37
20982 37
20983 37
20984 37
20985 37
20986 37
20987 37
65677 37
20978 37
20988 37
20990 37
20992 37
20979 37
69325 38
22129 38
22130 38
22115 38
22116 38
22118 38
22119 38
22120 38
22121 38
65731 38
22124 38
22125 38
22127 38
68528 39
25337 39
25338 39
25339 39
25322 39
25323 39
25324 39
25325 39
25326 39
25327 39
25328 39
25329 39
25321 39
25332 39
25333 39
68396 40
68068 40
26713 40
26736 40
26712 40
26739 40
26741 40
26714 40
26715 40
26716 40
26717 40
26719 40
26722 40
26724 40
26726 40
68350 41
68070 41
26972 41
26973 41
26974 41
26975 41
26976 41
26977 41
26978 41
26971 41
26980 41
26981 41
26983 41
26985 41
26986 41
31765 42
31766 42
31767 42
31752 42
31753 42
31754 42
31755 42
31756 42
65996 42
67817 42
31762 42
31763 42
31764 42
32146 43
68084 43
68085 43
32158 43
32160 43
32161 43
32162 43
32163 43
66008 43
66007 43
32164 43
32165 43
32155 43
32319 44
32335 44
32336 44
32337 44
32338 44
32321 44
32322 44
32324 44
32326 44
32327 44
32328 44
66014 44
32333 44
32334 44
68794 45
34746 45
34733 45
34734 45
34736 45
34737 45
34738 45
34739 45
34741 45
66098 45
66099 45
34732 45
34742 45
34744 45
34745 45
51054 46
68928 46
51057 46
51056 46
51058 46
51059 46
51060 46
51061 46
51063 46
51064 46
67188 46
51069 46
51070 46
51072 46
68162 47
68624 47
55364 47
55365 47
55366 47
55367 47
55368 47
55369 47
55370 47
66575 47
55361 47
55372 47
55374 47
55362 47
55363 47
56851 48
56852 48
56838 48
56839 48
56841 48
56842 48
56844 48
56846 48
66592 48
56837 48
67279 48
56848 48
56849 48
68622 49
68182 49
70245 49
63204 49
63205 49
63206 49
63207 49
63208 49
63209 49
63200 49
63210 49
63212 49
63214 49
63202 49
63203 49
70296 50
70132 50
64087 50
64088 50
64089 50
64090 50
64091 50
64092 50
64093 50
64084 50
67009 50
64094 50
64096 50
64085 50
64086 50
00618 51
00639 51
00624 51
00628 51
00629 51
00630 51
00631 51
00632 51
65009 51
00623 51
00633 51
00636 51
00638 51
68003 52
68576 52
70309 52
03005 52
03006 52
03007 52
03008 52
65085 52
65084 52
67367 52
03000 52
03001 52
03002 52
03003 52
70107 53
06333 53
06334 53
06336 53
06337 53
06338 53
06339 53
65187 53
67411 53
06341 53
06342 53
06343 53
06331 53
06332 53
09966 54
09967 54
09968 54
09969 54
09970 54
09953 54
09954 54
65332 54
09956 54
09949 54
09960 54
09961 54
09962 54
09963 54
68202 55
68027 55
11771 55
11773 55
11774 55
11775 55
11776 55
11767 55
11777 55
11779 55
11780 55
11768 55
11769 55
11770 55
69282 56
13337 56
13326 56
13327 56
13328 56
13329 56
13330 56
13331 56
65408 56
65409 56
13323 56
67531 56
13333 56
69283 57
13697 57
13699 57
13700 57
13701 57
13702 57
13704 57
13695 57
67536 57
13705 57
13706 57
13707 57
13709 57
70152 58
68988 58
69048 58
14627 58
14628 58
14629 58
14630 58
65434 58
14631 58
14633 58
14622 58
14623 58
14624 58
14625 58
69290 59
14674 59
14675 59
14676 59
14677 59
14678 59
14679 59
14680 59
65439 59
65440 59
14671 59
14681 59
14684 59
17007 60
68842 60
70049 60
17015 60
17017 60
17018 60
17019 60
65503 60
65504 60
17013 60
17025 60
17026 60
17014 60
68520 61
68044 61
69086 61
18328 61
18329 61
18331 61
18332 61
65601 61
67610 61
18333 61
18334 61
18335 61
18324 61
18325 61
68046 62
70051 62
19261 62
19263 62
19264 62
19265 62
19266 62
65635 62
67624 62
19268 62
19269 62
19258 62
19259 62
19260 62
68692 63
68054 63
70376 63
22955 63
22956 63
22959 63
22960 63
22961 63
22963 63
22965 63
22966 63
22967 63
22952 63
22953 63
69343 64
24655 64
24656 64
24657 64
24659 64
24660 64
24638 64
24640 64
24643 64
24645 64
24648 64
24651 64
24652 64
66010 65
68086 65
69068 65
32248 65
32249 65
32250 65
32251 65
32252 65
32254 65
32257 65
32259 65
32260 65
32261 65
68974 66
35511 66
35512 66
35514 66
35515 66
35516 66
35517 66
35518 66
35509 66
35519 66
35520 66
35521 66
35522 66
35523 66
42827 67
69430 67
70246 67
42831 67
42832 67
42835 67
42836 67
42838 67
66296 67
42829 67
67990 67
42843 67
42830 67
42974 68
42958 68
42959 68
42961 68
66297 68
42963 68
42964 68
42956 68
42966 68
42967 68
42969 68
42971 68
42972 68
68288 69
68133 69
43170 69
43172 69
43173 69
43174 69
43175 69
67081 69
43177 69
43179 69
43180 69
43167 69
43168 69
43169 69
68218 70
68510 70
70207 70
49601 70
49602 70
49603 70
49604 70
49595 70
49605 70
49596 70
49597 70
49598 70
49599 70
49600 70
50037 71
50038 71
50039 71
50040 71
50042 71
50043 71
50044 71
50045 71
66441 71
50046 71
50047 71
50048 71
50049 71
51206 72
70355 72
51221 72
51223 72
51225 72
51226 72
51228 72
51229 72
66469 72
51231 72
51232 72
51235 72
51236 72
68294 73
70356 73
68171 73
58503 73
58504 73
58505 73
58506 73
66644 73
67309 73
58508 73
58498 73
58499 73
58500 73
58501 73
68178 74
68540 74
62246 74
62248 74
62249 74
62250 74
62251 74
62253 74
67038 74
62256 74
62257 74
62258 74
62259 74
62245 74
63804 75
63805 75
63806 75
63790 75
63791 75
63792 75
63793 75
63794 75
66804 75
67003 75
63799 75
63801 75
63802 75
63803 75
01383 76
01384 76
01385 76
01387 76
01388 76
01390 76
65029 76
67350 76
01392 76
01393 76
01395 76
01396 76
68612 77
05230 77
05231 77
05233 77
05234 77
05237 77
05238 77
65144 77
65145 77
05229 77
67392 77
05241 77
05243 77
65192 78
68338 78
70357 78
70359 78
06365 78
06367 78
06368 78
06359 78
67413 78
06371 78
06361 78
06363 78
70242 79
69028 79
07963 79
07966 79
07967 79
07969 79
65263 79
07960 79
67446 79
07971 79
07972 79
07961 79
07962 79
68368 80
68016 80
08427 80
08428 80
08431 80
08433 80
65278 80
08424 80
67451 80
08434 80
08435 80
08437 80
10146 81
10161 81
10162 81
10164 81
10147 81
10166 81
10148 81
10149 81
67489 81
10157 81
10158 81
10160 81
68374 82
10895 82
10896 82
10899 82
10900 82
65362 82
65363 82
10892 82
67501 82
10902 82
10903 82
10893 82
10894 82
68029 83
69004 83
13158 83
13160 83
13161 83
67527 83
13164 83
13165 83
13166 83
13167 83
13168 83
13156 83
13157 83
15034 84
15035 84
15036 84
15038 84
15039 84
65449 84
65450 84
67555 84
67556 84
15041 84
15042 84
15032 84
15033 84
23782 85
23771 85
23772 85
23773 85
23774 85
23766 85
23777 85
67697 85
23779 85
23780 85
23768 85
23769 85
70295 86
28205 86
28207 86
28208 86
28210 86
67776 86
28211 86
28212 86
28213 86
28214 86
28202 86
28204 86
68079 87
30847 87
30848 87
30831 87
30832 87
30834 87
30835 87
30837 87
30838 87
67802 87
30840 87
30842 87
30843 87
66038 88
32949 88
32951 88
32953 88
32954 88
32945 88
67840 88
32955 88
32957 88
32959 88
32946 88
32947 88
35454 89
35455 89
35456 89
35458 89
35460 89
35452 89
67890 89
35462 89
35463 89
35464 89
35465 89
35467 89
35453 89
68544 90
37885 90
37886 90
37888 90
37889 90
37881 90
67925 90
37891 90
37892 90
37893 90
37894 90
37883 90
37884 90
68125 91
40838 91
40839 91
40841 91
40842 91
40834 91
67958 91
40844 91
40845 91
40846 91
40847 91
40836 91
40837 91
70211 92
68127 92
41030 92
41032 92
41033 92
41025 92
67961 92
41035 92
41036 92
41037 92
41026 92
41028 92
41029 92
70378 93
45265 93
45266 93
45268 93
45269 93
66351 93
45261 93
67111 93
45271 93
45272 93
45273 93
45263 93
45264 93
68137 94
68726 94
70247 94
45439 94
45440 94
66355 94
67114 94
45442 94
45443 94
45433 94
45434 94
45436 94
45437 94
68142 95
48122 95
48105 95
48106 95
48107 95
67143 95
48109 95
48111 95
67142 95
48114 95
48117 95
48120 95
68856 96
49175 96
49178 96
49181 96
67159 96
67161 96
49183 96
49184 96
49185 96
49186 96
49188 96
49174 96
70335 97
53272 97
53273 97
53275 97
53276 97
66531 97
66532 97
53268 97
67227 97
53278 97
53279 97
53270 97
53271 97
57279 98
57280 98
57281 98
57283 98
57284 98
57276 98
67287 98
57286 98
57287 98
57288 98
57289 98
57291 98
57277 98
58362 99
58363 99
58364 99
58366 99
58367 99
66637 99
66638 99
66639 99
66640 99
67306 99
58369 99
58360 99
58361 99
